2025-04-13 19:07:56.158941 - Received CBT.V505.FILE375.PDS from FILE375.XMI 
2025-04-13 19:07:56.160183 - Found $$$#DATE.txt (text/plain) in CBT.V505.FILE375.PDS, moved to PDS/$$$#DATE
2025-04-13 19:07:56.160281 - Found $$AUTHOR.txt (text/plain) in CBT.V505.FILE375.PDS, moved to PDS/$$AUTHOR
2025-04-13 19:07:56.160357 - Found $$DOCM.txt (text/plain) in CBT.V505.FILE375.PDS, moved to PDS/$$DOCM
2025-04-13 19:07:56.160471 - Found @FILE375.txt (text/plain) in CBT.V505.FILE375.PDS, moved to PDS/@FILE375
2025-04-13 19:07:56.160567 - Found SMF06.jcl (text/plain) in CBT.V505.FILE375.PDS, moved to PDS/SMF06
2025-04-13 19:07:56.160639 - Found SMF11.jcl (text/plain) in CBT.V505.FILE375.PDS, moved to PDS/SMF11
2025-04-13 19:07:56.160723 - Found SMF11S.jcl (text/plain) in CBT.V505.FILE375.PDS, moved to PDS/SMF11S
2025-04-13 19:07:56.160866 - Found SMF12.jcl (text/plain) in CBT.V505.FILE375.PDS, moved to PDS/SMF12
2025-04-13 19:07:56.160956 - Found SMF13.jcl (text/plain) in CBT.V505.FILE375.PDS, moved to PDS/SMF13
2025-04-13 19:07:56.161064 - Found SMF24.jcl (text/plain) in CBT.V505.FILE375.PDS, moved to PDS/SMF24
2025-04-13 19:07:56.161140 - Found SMF25.jcl (text/plain) in CBT.V505.FILE375.PDS, moved to PDS/SMF25
2025-04-13 19:07:56.161207 - Found SMF26.jcl (text/plain) in CBT.V505.FILE375.PDS, moved to PDS/SMF26
2025-04-13 19:07:56.161304 - Found SMF26S.jcl (text/plain) in CBT.V505.FILE375.PDS, moved to PDS/SMF26S
2025-04-13 19:07:56.161385 - Found SMF47.jcl (text/plain) in CBT.V505.FILE375.PDS, moved to PDS/SMF47
2025-04-13 19:07:56.161449 - Found SMF49.jcl (text/plain) in CBT.V505.FILE375.PDS, moved to PDS/SMF49
2025-04-13 19:07:56.161521 - Found SMF72.jcl (text/plain) in CBT.V505.FILE375.PDS, moved to PDS/SMF72
2025-04-13 19:07:56.161621 - Found SMF72S.jcl (text/plain) in CBT.V505.FILE375.PDS, moved to PDS/SMF72S
